xof 0303txt 0032
template Frame {
 <3d82ab46-62da-11cf-ab39-0020af71e433>
 [...]
}

template Matrix4x4 {
 <f6f23f45-7686-11cf-8f52-0040333594a3>
 array FLOAT matrix[16];
}

template FrameTransformMatrix {
 <f6f23f41-7686-11cf-8f52-0040333594a3>
 Matrix4x4 frameMatrix;
}

template ObjectMatrixComment {
 <95a48e28-7ef4-4419-a16a-ba9dbdf0d2bc>
 Matrix4x4 objectMatrix;
}

template Vector {
 <3d82ab5e-62da-11cf-ab39-0020af71e433>
 FLOAT x;
 FLOAT y;
 FLOAT z;
}

template MeshFace {
 <3d82ab5f-62da-11cf-ab39-0020af71e433>
 DWORD nFaceVertexIndices;
 array DWORD faceVertexIndices[nFaceVertexIndices];
}

template Mesh {
 <3d82ab44-62da-11cf-ab39-0020af71e433>
 DWORD nVertices;
 array Vector vertices[nVertices];
 DWORD nFaces;
 array MeshFace faces[nFaces];
 [...]
}

template MeshNormals {
 <f6f23f43-7686-11cf-8f52-0040333594a3>
 DWORD nNormals;
 array Vector normals[nNormals];
 DWORD nFaceNormals;
 array MeshFace faceNormals[nFaceNormals];
}

template Coords2d {
 <f6f23f44-7686-11cf-8f52-0040333594a3>
 FLOAT u;
 FLOAT v;
}

template MeshTextureCoords {
 <f6f23f40-7686-11cf-8f52-0040333594a3>
 DWORD nTextureCoords;
 array Coords2d textureCoords[nTextureCoords];
}

template ColorRGBA {
 <35ff44e0-6c7c-11cf-8f52-0040333594a3>
 FLOAT red;
 FLOAT green;
 FLOAT blue;
 FLOAT alpha;
}

template ColorRGB {
 <d3e16e81-7835-11cf-8f52-0040333594a3>
 FLOAT red;
 FLOAT green;
 FLOAT blue;
}

template Material {
 <3d82ab4d-62da-11cf-ab39-0020af71e433>
 ColorRGBA faceColor;
 FLOAT power;
 ColorRGB specularColor;
 ColorRGB emissiveColor;
 [...]
}

template MeshMaterialList {
 <f6f23f42-7686-11cf-8f52-0040333594a3>
 DWORD nMaterials;
 DWORD nFaceIndexes;
 array DWORD faceIndexes[nFaceIndexes];
 [Material <3d82ab4d-62da-11cf-ab39-0020af71e433>]
}

template TextureFilename {
 <a42790e1-7810-11cf-8f52-0040333594a3>
 STRING filename;
}


Frame Character1_Reference {
 

 FrameTransformMatrix relative {
  1.000000,0.000000,0.000000,0.000000,0.000000,-0.000000,-1.000000,0.000000,0.000000,1.000000,-0.000000,0.000000,0.000000,0.000000,0.000000,1.000000;;
 }

 ObjectMatrixComment object {
  1.000000,0.000000,0.000000,0.000000,0.000000,1.000000,0.000000,0.000000,0.000000,0.000000,1.000000,0.000000,0.000000,0.000000,0.000000,1.000000;;
 }

 Frame center {
  

  FrameTransformMatrix relative {
   1.000000,0.000000,0.000000,0.000000,0.000000,1.000000,0.000000,0.000000,0.000000,0.000000,1.000000,0.000000,0.000000,-0.049162,0.418821,1.000000;;
  }

  ObjectMatrixComment object {
   1.000000,0.000000,0.000000,0.000000,0.000000,1.000000,0.000000,0.000000,0.000000,0.000000,1.000000,0.000000,0.000000,0.000000,0.000000,1.000000;;
  }

  Frame Character1_Spine {
   

   FrameTransformMatrix relative {
    1.000000,0.000000,0.000000,0.000000,0.000000,1.000000,0.000000,0.000000,0.000000,0.000000,1.000000,0.000000,0.000000,-0.000135,0.000752,1.000000;;
   }

   ObjectMatrixComment object {
    1.000000,0.000000,0.000000,0.000000,0.000000,1.000000,0.000000,0.000000,0.000000,0.000000,1.000000,0.000000,0.000000,0.000000,0.000000,1.000000;;
   }

   Frame Character1_Spine1 {
    

    FrameTransformMatrix relative {
     1.000000,0.000000,0.000000,0.000000,0.000000,1.000000,0.000000,0.000000,0.000000,0.000000,1.000000,0.000000,0.000000,0.000000,0.042835,1.000000;;
    }

    ObjectMatrixComment object {
     1.000000,0.000000,0.000000,0.000000,0.000000,1.000000,0.000000,0.000000,0.000000,0.000000,1.000000,0.000000,0.000000,0.000000,0.000000,1.000000;;
    }

    Frame Character1_Spine2 {
     

     FrameTransformMatrix relative {
      1.000000,0.000000,0.000000,0.000000,0.000000,1.000000,0.000000,0.000000,0.000000,0.000000,1.000000,0.000000,0.000000,0.000153,0.041276,1.000000;;
     }

     ObjectMatrixComment object {
      1.000000,0.000000,0.000000,0.000000,0.000000,1.000000,0.000000,0.000000,0.000000,0.000000,1.000000,0.000000,0.000000,0.000000,0.000000,1.000000;;
     }

     Frame Character1_RightShoulder {
      

      FrameTransformMatrix relative {
       0.956371,-0.023862,0.291178,0.000000,0.023862,0.999709,0.003551,0.000000,-0.291178,0.003552,0.956662,0.000000,-0.026731,0.046953,0.102655,1.000000;;
      }

      ObjectMatrixComment object {
       1.000000,0.000000,0.000000,0.000000,-0.000000,1.000000,0.000000,0.000000,0.000000,0.000000,1.000000,0.000000,0.000000,-0.000000,0.000000,1.000000;;
      }

      Frame Character1_RightArm {
       

       FrameTransformMatrix relative {
        0.921188,-0.004607,0.389091,0.000000,-0.016774,0.998530,0.051535,0.000000,-0.388756,-0.054000,0.919757,0.000000,-0.046947,-0.000301,0.003668,1.000000;;
       }

       ObjectMatrixComment object {
        1.000000,0.000000,-0.000000,0.000000,-0.000000,1.000000,0.000000,0.000000,-0.000000,0.000000,1.000000,0.000000,0.000000,0.000000,0.000000,1.000000;;
       }

       Frame Character1_RightForeArm {
        

        FrameTransformMatrix relative {
         0.997419,0.071780,-0.001924,0.000000,-0.071706,0.997084,0.026124,0.000000,0.003794,-0.025918,0.999657,0.000000,-0.118787,-0.000000,-0.000000,1.000000;;
        }

        ObjectMatrixComment object {
         1.000000,0.000000,-0.000000,0.000000,0.000000,1.000000,0.000000,0.000000,0.000000,0.000000,1.000000,0.000000,0.000000,-0.000000,0.000000,1.000000;;
        }

        Frame Character1_RightHand {
         

         FrameTransformMatrix relative {
          0.999999,-0.000125,-0.001562,0.000000,0.000047,0.998757,-0.049850,0.000000,0.001566,0.049850,0.998756,0.000000,-0.112706,-0.000000,-0.000001,1.000000;;
         }

         ObjectMatrixComment object {
          1.000000,-0.000000,0.000000,0.000000,-0.000000,1.000000,0.000000,0.000000,-0.000000,0.000000,1.000000,0.000000,-0.000000,0.000000,0.000000,1.000000;;
         }

         Frame Character1_RightHandThumb1 {
          

          FrameTransformMatrix relative {
           0.872228,0.485829,0.056471,0.000000,0.000925,-0.117097,0.993120,0.000000,0.489099,-0.866175,-0.102585,0.000000,-0.016437,-0.015684,-0.017473,1.000000;;
          }

          ObjectMatrixComment object {
           1.000000,0.000000,-0.000000,0.000000,0.000000,1.000000,0.000000,0.000000,-0.000000,0.000000,1.000000,0.000000,0.000000,0.000000,0.000000,1.000000;;
          }

          Frame Character1_RightHandThumb2 {
           

           FrameTransformMatrix relative {
            0.964297,0.222220,0.144047,0.000000,-0.220084,0.974994,-0.030804,0.000000,-0.147291,-0.001998,0.989091,0.000000,-0.017502,0.000000,-0.000000,1.000000;;
           }

           ObjectMatrixComment object {
            1.000000,0.000000,0.000000,0.000000,0.000000,1.000000,0.000000,0.000000,0.000000,0.000000,1.000000,0.000000,0.000000,-0.000000,0.000000,1.000000;;
           }

           Frame Character1_RightHandThumb3 {
            

            FrameTransformMatrix relative {
             0.999273,0.000213,0.038115,0.000000,0.000844,0.999616,-0.027719,0.000000,-0.038106,0.027731,0.998889,0.000000,-0.010316,0.000001,-0.000000,1.000000;;
            }

            ObjectMatrixComment object {
             1.000000,-0.000000,-0.000000,0.000000,0.000000,1.000000,0.000000,0.000000,0.000000,0.000000,1.000000,0.000000,0.000000,0.000000,0.000000,1.000000;;
            }

            Frame Character1_RightHandThumb4 {
             

             FrameTransformMatrix relative {
              1.000000,-0.000000,0.000000,0.000000,0.000001,1.000000,0.000001,0.000000,-0.000000,-0.000001,1.000000,0.000000,-0.012429,-0.000001,0.000000,1.000000;;
             }

             ObjectMatrixComment object {
              1.000000,-0.000000,0.000000,0.000000,0.000000,1.000000,0.000000,0.000000,0.000000,0.000000,1.000000,0.000000,0.000000,0.000000,-0.000000,1.000000;;
             }
            }
           }
          }
         }

         Frame Character1_RightHandIndex1 {
          

          FrameTransformMatrix relative {
           0.980302,0.059234,0.188415,0.000000,-0.062462,0.997984,0.011234,0.000000,-0.187370,-0.022781,0.982025,0.000000,-0.046978,-0.022182,0.002598,1.000000;;
          }

          ObjectMatrixComment object {
           1.000000,-0.000000,-0.000000,0.000000,-0.000000,1.000000,0.000000,0.000000,-0.000000,0.000000,1.000000,0.000000,0.000000,0.000000,-0.000000,1.000000;;
          }

          Frame Character1_RightHandIndex2 {
           

           FrameTransformMatrix relative {
            0.996481,0.014263,-0.082599,0.000000,-0.013294,0.999836,0.012265,0.000000,0.082760,-0.011123,0.996507,0.000000,-0.014227,0.000000,-0.000000,1.000000;;
           }

           ObjectMatrixComment object {
            1.000000,-0.000000,-0.000000,0.000000,0.000000,1.000000,-0.000000,0.000000,-0.000000,-0.000000,1.000000,0.000000,0.000000,-0.000000,0.000000,1.000000;;
           }

           Frame Character1_RightHandIndex3 {
            

            FrameTransformMatrix relative {
             1.000000,0.000000,0.000000,0.000000,-0.000000,1.000000,-0.000000,0.000000,-0.000000,0.000000,1.000000,0.000000,-0.010736,-0.000000,-0.000000,1.000000;;
            }

            ObjectMatrixComment object {
             1.000000,-0.000000,-0.000000,0.000000,-0.000000,1.000000,-0.000000,0.000000,-0.000000,0.000000,1.000000,0.000000,-0.000000,0.000000,-0.000000,1.000000;;
            }
           }
          }
         }

         Frame Character1_RightHandMiddle1 {
          

          FrameTransformMatrix relative {
           0.983649,0.042265,0.175064,0.000000,-0.044201,0.998997,0.007175,0.000000,-0.174585,-0.014796,0.984531,0.000000,-0.051409,-0.006346,0.006107,1.000000;;
          }

          ObjectMatrixComment object {
           1.000000,0.000000,0.000000,0.000000,0.000000,1.000000,-0.000000,0.000000,-0.000000,0.000000,1.000000,0.000000,0.000000,0.000000,0.000000,1.000000;;
          }

          Frame Character1_RightHandMiddle2 {
           

           FrameTransformMatrix relative {
            0.999192,-0.020678,-0.034474,0.000000,0.020410,0.999759,-0.008103,0.000000,0.034633,0.007393,0.999373,0.000000,-0.016781,-0.000000,0.000000,1.000000;;
           }

           ObjectMatrixComment object {
            1.000000,0.000000,0.000000,0.000000,0.000000,1.000000,-0.000000,0.000000,0.000000,-0.000000,1.000000,0.000000,0.000000,-0.000000,0.000000,1.000000;;
           }

           Frame Character1_RightHandMiddle3 {
            

            FrameTransformMatrix relative {
             1.000000,0.000000,-0.000002,0.000000,-0.000000,1.000000,-0.000000,0.000000,0.000002,0.000000,1.000000,0.000000,-0.012808,0.000000,-0.000001,1.000000;;
            }

            ObjectMatrixComment object {
             1.000000,-0.000000,0.000000,0.000000,0.000000,1.000000,-0.000000,0.000000,-0.000000,0.000000,1.000000,0.000000,0.000000,-0.000000,0.000000,1.000000;;
            }
           }
          }
         }

         Frame Character1_RightHandRing1 {
          

          FrameTransformMatrix relative {
           0.997535,-0.009305,0.069548,0.000000,0.009673,0.999941,-0.004951,0.000000,-0.069498,0.005611,0.997566,0.000000,-0.049340,0.008889,0.004126,1.000000;;
          }

          ObjectMatrixComment object {
           1.000000,0.000000,-0.000000,0.000000,0.000000,1.000000,-0.000000,0.000000,-0.000000,-0.000000,1.000000,0.000000,-0.000000,0.000000,-0.000000,1.000000;;
          }

          Frame Character1_RightHandRing2 {
           

           FrameTransformMatrix relative {
            0.999132,-0.023285,0.034548,0.000000,0.023634,0.999673,-0.009743,0.000000,-0.034310,0.010551,0.999356,0.000000,-0.013062,0.000000,0.000000,1.000000;;
           }

           ObjectMatrixComment object {
            1.000000,0.000000,0.000000,0.000000,-0.000000,1.000000,0.000000,0.000000,0.000000,0.000000,1.000000,0.000000,-0.000000,0.000000,-0.000000,1.000000;;
           }

           Frame Character1_RightHandRing3 {
            

            FrameTransformMatrix relative {
             1.000000,0.000000,0.000000,0.000000,-0.000000,1.000000,0.000000,0.000000,-0.000000,-0.000000,1.000000,0.000000,-0.010000,-0.000000,-0.000000,1.000000;;
            }

            ObjectMatrixComment object {
             1.000000,0.000000,0.000000,0.000000,-0.000000,1.000000,0.000000,0.000000,-0.000000,0.000000,1.000000,0.000000,0.000000,-0.000000,0.000000,1.000000;;
            }
           }
          }
         }

         Frame Character1_RightHandPinky1 {
          

          FrameTransformMatrix relative {
           0.952813,0.070242,0.295319,0.000000,-0.075850,0.997091,0.007560,0.000000,-0.293928,-0.029603,0.955369,0.000000,-0.046354,0.022602,0.000950,1.000000;;
          }

          ObjectMatrixComment object {
           1.000000,0.000000,-0.000000,0.000000,0.000000,1.000000,-0.000000,0.000000,0.000000,0.000000,1.000000,0.000000,0.000000,0.000000,-0.000000,1.000000;;
          }

          Frame Character1_RightHandPinky2 {
           

           FrameTransformMatrix relative {
            0.999057,-0.009384,0.042389,0.000000,0.009732,0.999921,-0.008007,0.000000,-0.042311,0.008412,0.999069,0.000000,-0.009600,0.000000,0.000001,1.000000;;
           }

           ObjectMatrixComment object {
            1.000000,0.000000,-0.000000,0.000000,-0.000000,1.000000,0.000000,0.000000,-0.000000,0.000000,1.000000,0.000000,-0.000000,0.000000,0.000000,1.000000;;
           }

           Frame Character1_RightHandPinky3 {
            

            FrameTransformMatrix relative {
             1.000000,0.000000,0.000001,0.000000,-0.000000,1.000000,-0.000000,0.000000,-0.000001,0.000000,1.000000,0.000000,-0.007592,0.000000,-0.000000,1.000000;;
            }

            ObjectMatrixComment object {
             1.000000,0.000000,0.000000,0.000000,0.000000,1.000000,-0.000000,0.000000,-0.000000,-0.000000,1.000000,0.000000,0.000000,-0.000000,-0.000000,1.000000;;
            }
           }
          }
         }
        }

        Frame J_R_Elbow {
         

         FrameTransformMatrix relative {
          0.999355,-0.035888,0.001664,0.000000,0.035907,0.999271,-0.012994,0.000000,-0.001196,0.013046,0.999915,0.000000,0.000221,0.004689,-0.000080,1.000000;;
         }

         ObjectMatrixComment object {
          1.000000,0.000000,0.000000,0.000000,-0.000000,1.000000,-0.000000,0.000000,-0.000000,0.000000,1.000000,0.000000,0.000000,0.000000,0.000000,1.000000;;
         }
        }

        Frame J_R_ForeArm_00_tw {
         

         FrameTransformMatrix relative {
          1.000000,-0.000053,-0.000782,0.000000,0.000033,0.999689,-0.024933,0.000000,0.000783,0.024933,0.999689,0.000000,-0.108909,0.000093,-0.000380,1.000000;;
         }

         ObjectMatrixComment object {
          1.000000,0.000000,-0.000000,0.000000,0.000000,1.000000,0.000000,0.000000,0.000000,0.000000,1.000000,0.000000,0.000000,0.000000,0.000000,1.000000;;
         }
        }

        Frame J_R_Sode_A00 {
         

         FrameTransformMatrix relative {
          0.981648,0.189997,-0.016377,0.000000,-0.190222,0.981648,-0.013513,0.000000,0.013509,0.016380,0.999775,0.000000,-0.016254,-0.042589,-0.004564,1.000000;;
         }

         ObjectMatrixComment object {
          1.000000,0.000000,-0.000000,0.000000,0.000000,1.000000,0.000000,0.000000,-0.000000,-0.000000,1.000000,0.000000,-0.000000,0.000000,0.000000,1.000000;;
         }

         Frame J_R_Sode_A01 {
          

          FrameTransformMatrix relative {
           1.000000,0.000000,0.000009,0.000000,-0.000000,1.000000,0.000048,0.000000,-0.000009,-0.000048,1.000000,0.000000,-0.103198,0.000000,-0.000003,1.000000;;
          }

          ObjectMatrixComment object {
           1.000000,0.000000,-0.000000,0.000000,-0.000000,1.000000,0.000000,0.000000,-0.000000,-0.000000,1.000000,0.000000,0.000000,-0.000000,0.000000,1.000000;;
          }
         }
        }

        Frame J_R_Sode_D00 {
         

         FrameTransformMatrix relative {
          0.977195,-0.042446,0.208060,0.000000,0.047001,0.998750,-0.016998,0.000000,-0.207078,0.026389,0.977969,0.000000,-0.015457,0.000090,-0.037432,1.000000;;
         }

         ObjectMatrixComment object {
          1.000000,-0.000000,-0.000000,0.000000,0.000000,1.000000,-0.000000,0.000000,0.000000,-0.000000,1.000000,0.000000,0.000000,0.000000,0.000000,1.000000;;
         }

         Frame J_R_Sode_D01 {
          

          FrameTransformMatrix relative {
           1.000000,-0.000010,-0.000002,0.000000,0.000010,1.000000,0.000047,0.000000,0.000002,-0.000047,1.000000,0.000000,-0.101835,0.000003,0.000001,1.000000;;
          }

          ObjectMatrixComment object {
           1.000000,0.000000,-0.000000,0.000000,0.000000,1.000000,0.000000,0.000000,0.000000,-0.000000,1.000000,0.000000,0.000000,0.000000,0.000000,1.000000;;
          }
         }
        }

        Frame J_R_Sode_C00 {
         

         FrameTransformMatrix relative {
          0.979708,-0.200185,-0.009959,0.000000,0.199977,0.979621,-0.018752,0.000000,0.013510,0.016380,0.999775,0.000000,-0.012543,0.036262,-0.005906,1.000000;;
         }

         ObjectMatrixComment object {
          1.000000,0.000000,0.000000,0.000000,0.000000,1.000000,0.000000,0.000000,0.000000,0.000000,1.000000,0.000000,0.000000,0.000000,-0.000000,1.000000;;
         }

         Frame J_R_Sode_C01 {
          

          FrameTransformMatrix relative {
           1.000000,0.000000,-0.000009,0.000000,0.000000,1.000000,0.000048,0.000000,0.000009,-0.000048,1.000000,0.000000,-0.107970,0.000000,0.000003,1.000000;;
          }

          ObjectMatrixComment object {
           1.000000,-0.000000,0.000000,0.000000,0.000000,1.000000,0.000000,0.000000,-0.000000,-0.000000,1.000000,0.000000,0.000000,-0.000000,0.000000,1.000000;;
          }
         }
        }

        Frame J_R_Sode_B00 {
         

         FrameTransformMatrix relative {
          0.944032,-0.049975,-0.326045,0.000000,0.047001,0.998750,-0.016997,0.000000,0.326487,0.000722,0.945202,0.000000,-0.010702,0.000851,0.020432,1.000000;;
         }

         ObjectMatrixComment object {
          1.000000,0.000000,0.000000,0.000000,0.000000,1.000000,0.000000,0.000000,-0.000000,0.000000,1.000000,0.000000,-0.000000,0.000000,0.000000,1.000000;;
         }

         Frame J_R_Sode_B01 {
          

          FrameTransformMatrix relative {
           1.000000,0.000015,-0.000001,0.000000,-0.000015,1.000000,0.000046,0.000000,0.000001,-0.000046,1.000000,0.000000,-0.111487,-0.000003,0.000001,1.000000;;
          }

          ObjectMatrixComment object {
           1.000000,0.000000,-0.000000,0.000000,0.000000,1.000000,0.000000,0.000000,-0.000000,0.000000,1.000000,0.000000,-0.000000,0.000000,-0.000000,1.000000;;
          }
         }
        }
       }

       Frame J_R_Arm_00_tw {
        

        FrameTransformMatrix relative {
         1.000000,0.000001,0.000173,0.000000,0.000006,0.999232,-0.039174,0.000000,-0.000173,0.039174,0.999233,0.000000,0.000618,0.000000,0.000029,1.000000;;
        }

        ObjectMatrixComment object {
         1.000000,0.000000,-0.000000,0.000000,0.000000,1.000000,0.000000,0.000000,-0.000000,0.000000,1.000000,0.000000,0.000000,0.000000,-0.000000,1.000000;;
        }

        Frame J_R_Sode_E00 {
         

         FrameTransformMatrix relative {
          1.000000,0.000000,0.000003,0.000000,-0.000000,0.999990,0.004461,0.000000,-0.000003,-0.004461,0.999990,0.000000,-0.023758,0.000000,0.000001,1.000000;;
         }

         ObjectMatrixComment object {
          1.000000,0.000000,0.000000,0.000000,-0.000000,1.000000,0.000000,0.000000,0.000000,0.000000,1.000000,0.000000,0.000000,0.000000,0.000000,1.000000;;
         }
        }
       }
      }
     }

     Frame Character1_Neck {
      

      FrameTransformMatrix relative {
       1.000000,0.000000,0.000000,0.000000,0.000000,1.000000,0.000000,0.000000,0.000000,0.000000,1.000000,0.000000,0.000000,0.047267,0.133084,1.000000;;
      }

      ObjectMatrixComment object {
       1.000000,0.000000,0.000000,0.000000,0.000000,1.000000,0.000000,0.000000,0.000000,0.000000,1.000000,0.000000,0.000000,0.000000,0.000000,1.000000;;
      }

      Frame Character1_Head {
       

       FrameTransformMatrix relative {
        1.000000,0.000000,0.000000,0.000000,0.000000,1.000000,0.000000,0.000000,0.000000,0.000000,1.000000,0.000000,0.000000,-0.008042,0.030469,1.000000;;
       }

       ObjectMatrixComment object {
        1.000000,0.000000,0.000000,0.000000,0.000000,1.000000,0.000000,0.000000,0.000000,0.000000,1.000000,0.000000,0.000000,0.000000,0.000000,1.000000;;
       }

       Frame J_L_HeadRibbon_00 {
        

        FrameTransformMatrix relative {
         0.834400,-0.049529,-0.548930,0.000000,-0.234382,0.869527,-0.434727,0.000000,0.498841,0.491396,0.713925,0.000000,0.079515,-0.068754,0.313641,1.000000;;
        }

        ObjectMatrixComment object {
         1.000000,0.000000,0.000000,0.000000,0.000000,1.000000,0.000000,0.000000,-0.000000,-0.000000,1.000000,0.000000,0.000000,0.000000,0.000000,1.000000;;
        }

        Frame J_L_HeadRibbon_01 {
         

         FrameTransformMatrix relative {
          0.949003,-0.314341,0.024135,0.000000,-0.107092,-0.393421,-0.913100,0.000000,0.296520,0.863950,-0.407022,0.000000,0.000000,-0.000000,0.247837,1.000000;;
         }

         ObjectMatrixComment object {
          1.000000,-0.000000,-0.000000,0.000000,0.000000,1.000000,0.000000,0.000000,0.000000,0.000000,1.000000,0.000000,-0.000000,0.000000,0.000000,1.000000;;
         }

         Frame J_L_HeadRibbon_02 {
          

          FrameTransformMatrix relative {
           0.990314,0.137876,-0.016374,0.000000,0.009667,0.049176,0.998743,0.000000,0.138508,-0.989228,0.047367,0.000000,0.000000,0.000000,0.136679,1.000000;;
          }

          ObjectMatrixComment object {
           1.000000,0.000000,0.000000,0.000000,-0.000000,1.000000,-0.000000,0.000000,0.000000,0.000000,1.000000,0.000000,0.000000,0.000000,0.000000,1.000000;;
          }

          Frame J_L_HeadRibbon_03 {
           

           FrameTransformMatrix relative {
            1.000000,0.000000,0.000000,0.000000,-0.000000,1.000000,-0.000000,0.000000,0.000000,0.000000,1.000000,0.000000,0.000000,-0.000000,0.166757,1.000000;;
           }

           ObjectMatrixComment object {
            1.000000,0.000000,-0.000000,0.000000,0.000000,1.000000,-0.000000,0.000000,-0.000000,0.000000,1.000000,0.000000,0.000000,-0.000000,-0.000000,1.000000;;
           }
          }
         }
        }
       }

       Frame J_R_HeadRibbon_00 {
        

        FrameTransformMatrix relative {
         0.834400,0.049529,0.548930,0.000000,0.234382,0.869527,-0.434728,0.000000,-0.498840,0.491396,0.713924,0.000000,-0.079515,-0.068754,0.313640,1.000000;;
        }

        ObjectMatrixComment object {
         1.000000,0.000000,0.000000,0.000000,-0.000000,1.000000,-0.000000,0.000000,0.000000,0.000000,1.000000,0.000000,-0.000000,0.000000,0.000000,1.000000;;
        }

        Frame J_R_HeadRibbon_01 {
         

         FrameTransformMatrix relative {
          0.949003,0.314341,-0.024136,0.000000,0.107090,-0.393417,-0.913102,0.000000,-0.296521,0.863952,-0.407017,0.000000,0.000001,-0.000001,0.247838,1.000000;;
         }

         ObjectMatrixComment object {
          1.000000,0.000000,0.000000,0.000000,-0.000000,1.000000,0.000000,0.000000,0.000000,0.000000,1.000000,0.000000,-0.000000,0.000000,-0.000000,1.000000;;
         }

         Frame J_R_HeadRibbon_02 {
          

          FrameTransformMatrix relative {
           0.990314,-0.137877,0.016374,0.000000,-0.009666,0.049180,0.998743,0.000000,-0.138509,-0.989228,0.047371,0.000000,-0.000001,0.000001,0.136680,1.000000;;
          }

          ObjectMatrixComment object {
           1.000000,0.000000,0.000000,0.000000,-0.000000,1.000000,-0.000000,0.000000,0.000000,0.000000,1.000000,0.000000,-0.000000,0.000000,0.000000,1.000000;;
          }

          Frame J_R_HeadRibbon_03 {
           

           FrameTransformMatrix relative {
            1.000000,0.000002,-0.000001,0.000000,-0.000002,1.000000,0.000002,0.000000,0.000001,-0.000002,1.000000,0.000000,0.000001,-0.000001,0.166758,1.000000;;
           }

           ObjectMatrixComment object {
            1.000000,-0.000000,-0.000000,0.000000,-0.000000,1.000000,0.000000,0.000000,0.000000,-0.000000,1.000000,0.000000,0.000000,-0.000000,-0.000000,1.000000;;
           }
          }
         }
        }
       }

       Frame bone_eye_L {
        

        FrameTransformMatrix relative {
         1.000000,0.000000,0.000000,0.000000,0.000000,1.000000,0.000000,0.000000,0.000000,0.000000,1.000000,0.000000,0.026893,0.046498,0.102056,1.000000;;
        }

        ObjectMatrixComment object {
         1.000000,0.000000,0.000000,0.000000,0.000000,1.000000,0.000000,0.000000,0.000000,0.000000,1.000000,0.000000,0.000000,0.000000,0.000000,1.000000;;
        }
       }

       Frame bone_eye_R {
        

        FrameTransformMatrix relative {
         1.000000,0.000000,0.000000,0.000000,0.000000,1.000000,0.000000,0.000000,0.000000,0.000000,1.000000,0.000000,-0.026893,0.046498,0.102056,1.000000;;
        }

        ObjectMatrixComment object {
         1.000000,0.000000,0.000000,0.000000,0.000000,1.000000,0.000000,0.000000,0.000000,0.000000,1.000000,0.000000,0.000000,0.000000,0.000000,1.000000;;
        }
       }

       Frame J_L_HairTail_00 {
        

        FrameTransformMatrix relative {
         0.920104,-0.332263,0.207389,0.000000,0.168219,0.813402,0.556848,0.000000,-0.353710,-0.477471,0.804308,0.000000,0.084534,0.120911,0.074725,1.000000;;
        }

        ObjectMatrixComment object {
         1.000000,0.000000,0.000000,0.000000,0.000000,1.000000,-0.000000,0.000000,-0.000000,0.000000,1.000000,0.000000,-0.000000,0.000000,0.000000,1.000000;;
        }

        Frame J_L_HairTail_01 {
         

         FrameTransformMatrix relative {
          1.000000,0.000000,0.000000,0.000000,0.000000,1.000000,-0.000000,0.000000,-0.000000,0.000000,1.000000,0.000000,0.000000,-0.000000,-0.198209,1.000000;;
         }

         ObjectMatrixComment object {
          1.000000,0.000000,0.000000,0.000000,0.000000,1.000000,-0.000000,0.000000,-0.000000,0.000000,1.000000,0.000000,0.000000,0.000000,-0.000000,1.000000;;
         }

         Frame J_L_HairTail_02 {
          

          FrameTransformMatrix relative {
           1.000000,0.000000,0.000000,0.000000,0.000000,1.000000,-0.000000,0.000000,-0.000000,0.000000,1.000000,0.000000,-0.000000,0.000000,-0.222492,1.000000;;
          }

          ObjectMatrixComment object {
           1.000000,0.000000,0.000000,0.000000,0.000000,1.000000,-0.000000,0.000000,-0.000000,0.000000,1.000000,0.000000,-0.000000,0.000000,-0.000000,1.000000;;
          }

          Frame J_L_HairTail_03 {
           

           FrameTransformMatrix relative {
            1.000000,0.000000,0.000000,0.000000,0.000000,1.000000,-0.000000,0.000000,0.000000,0.000000,1.000000,0.000000,-0.000000,0.000000,-0.171919,1.000000;;
           }

           ObjectMatrixComment object {
            1.000000,0.000000,0.000000,0.000000,0.000000,1.000000,0.000000,0.000000,0.000000,0.000000,1.000000,0.000000,-0.000000,0.000000,-0.000000,1.000000;;
           }
          }
         }
        }
       }

       Frame J_R_HairTail_00 {
        

        FrameTransformMatrix relative {
         0.920104,0.332263,-0.207389,0.000000,-0.168219,0.813402,0.556848,0.000000,0.353710,-0.477471,0.804308,0.000000,-0.084535,0.120911,0.074723,1.000000;;
        }

        ObjectMatrixComment object {
         1.000000,0.000000,-0.000000,0.000000,-0.000000,1.000000,-0.000000,0.000000,0.000000,0.000000,1.000000,0.000000,-0.000000,0.000000,0.000000,1.000000;;
        }

        Frame J_R_HairTail_01 {
         

         FrameTransformMatrix relative {
          1.000000,0.000000,-0.000000,0.000000,-0.000000,1.000000,-0.000000,0.000000,0.000000,0.000000,1.000000,0.000000,0.000000,0.000001,-0.198208,1.000000;;
         }

         ObjectMatrixComment object {
          1.000000,0.000000,-0.000000,0.000000,-0.000000,1.000000,-0.000000,0.000000,0.000000,0.000000,1.000000,0.000000,0.000000,-0.000000,0.000000,1.000000;;
         }

         Frame J_R_HairTail_02 {
          

          FrameTransformMatrix relative {
           1.000000,0.000000,-0.000000,0.000000,-0.000000,1.000000,-0.000000,0.000000,0.000000,0.000000,1.000000,0.000000,0.000000,-0.000001,-0.222493,1.000000;;
          }

          ObjectMatrixComment object {
           1.000000,0.000000,-0.000000,0.000000,-0.000000,1.000000,-0.000000,0.000000,0.000000,0.000000,1.000000,0.000000,-0.000000,0.000000,-0.000000,1.000000;;
          }

          Frame J_R_HairTail_03 {
           

           FrameTransformMatrix relative {
            1.000000,0.000000,-0.000000,0.000000,-0.000000,1.000000,-0.000000,0.000000,0.000000,0.000000,1.000000,0.000000,-0.000000,-0.000000,-0.171919,1.000000;;
           }

           ObjectMatrixComment object {
            1.000000,0.000000,-0.000000,0.000000,0.000000,1.000000,-0.000000,0.000000,0.000000,-0.000000,1.000000,0.000000,0.000000,0.000000,-0.000000,1.000000;;
           }
          }
         }
        }
       }

       Frame J_L_HairSide_00 {
        

        FrameTransformMatrix relative {
         0.605948,0.194939,-0.771250,0.000000,-0.138051,0.980568,0.139383,0.000000,0.783434,0.022013,0.621085,0.000000,0.072985,-0.093413,0.279461,1.000000;;
        }

        ObjectMatrixComment object {
         1.000000,0.000000,-0.000000,0.000000,0.000000,1.000000,0.000000,0.000000,-0.000000,0.000000,1.000000,0.000000,0.000000,0.000000,0.000000,1.000000;;
        }

        Frame J_L_HairSide_01 {
         

         FrameTransformMatrix relative {
          0.761422,0.138758,-0.633233,0.000000,-0.099056,0.990256,0.097882,0.000000,0.640644,-0.011803,0.767747,0.000000,0.124109,0.000000,-0.000000,1.000000;;
         }

         ObjectMatrixComment object {
          1.000000,0.000000,0.000000,0.000000,0.000000,1.000000,0.000000,0.000000,0.000000,0.000000,1.000000,0.000000,0.000000,0.000000,-0.000000,1.000000;;
         }

         Frame J_L_HairSide_02 {
          

          FrameTransformMatrix relative {
           1.000000,0.000000,-0.000000,0.000000,-0.000000,1.000000,0.000000,0.000000,0.000000,-0.000000,1.000000,0.000000,0.171185,0.000000,0.000000,1.000000;;
          }

          ObjectMatrixComment object {
           1.000000,0.000000,0.000000,0.000000,0.000000,1.000000,0.000000,0.000000,0.000000,0.000000,1.000000,0.000000,0.000000,-0.000000,0.000000,1.000000;;
          }
         }
        }
       }

       Frame J_R_HairSide_00 {
        

        FrameTransformMatrix relative {
         0.605947,-0.194938,0.771250,0.000000,0.138050,0.980569,0.139383,0.000000,-0.783435,0.022012,0.621084,0.000000,-0.072985,-0.093413,0.279462,1.000000;;
        }

        ObjectMatrixComment object {
         1.000000,0.000000,-0.000000,0.000000,0.000000,1.000000,-0.000000,0.000000,-0.000000,0.000000,1.000000,0.000000,-0.000000,0.000000,0.000000,1.000000;;
        }

        Frame J_R_HairSide_01 {
         

         FrameTransformMatrix relative {
          0.761422,-0.138758,0.633232,0.000000,0.099057,0.990256,0.097881,0.000000,-0.640644,-0.011803,0.767748,0.000000,-0.124111,-0.000000,-0.000001,1.000000;;
         }

         ObjectMatrixComment object {
          1.000000,0.000000,0.000000,0.000000,-0.000000,1.000000,0.000000,0.000000,0.000000,0.000000,1.000000,0.000000,0.000000,0.000000,0.000000,1.000000;;
         }

         Frame J_R_HairSide_02 {
          

          FrameTransformMatrix relative {
           1.000000,-0.000000,0.000000,0.000000,0.000000,1.000000,-0.000001,0.000000,-0.000000,0.000001,1.000000,0.000000,-0.171184,0.000000,-0.000000,1.000000;;
          }

          ObjectMatrixComment object {
           1.000000,0.000000,0.000000,0.000000,0.000000,1.000000,-0.000000,0.000000,-0.000000,-0.000000,1.000000,0.000000,0.000000,0.000000,0.000000,1.000000;;
          }
         }
        }
       }

       Frame J_L_HairFront_00 {
        

        FrameTransformMatrix relative {
         0.999667,-0.005840,0.025135,0.000000,0.007482,0.997810,-0.065723,0.000000,-0.024696,0.065889,0.997521,0.000000,-0.000478,-0.102207,0.280180,1.000000;;
        }

        ObjectMatrixComment object {
         1.000000,0.000000,-0.000000,0.000000,0.000000,1.000000,0.000000,0.000000,0.000000,0.000000,1.000000,0.000000,0.000000,-0.000000,0.000000,1.000000;;
        }

        Frame J_L_HairFront_01 {
         

         FrameTransformMatrix relative {
          0.999667,0.007482,-0.024697,0.000000,0.000000,0.957050,0.289923,0.000000,0.025806,-0.289826,0.956731,0.000000,-0.000000,-0.000000,-0.181153,1.000000;;
         }

         ObjectMatrixComment object {
          1.000000,0.000000,0.000000,0.000000,0.000000,1.000000,0.000000,0.000000,-0.000000,0.000000,1.000000,0.000000,0.000000,0.000000,0.000000,1.000000;;
         }
        }
       }

       Frame J_R_HairFront_00 {
        

        FrameTransformMatrix relative {
         0.988937,-0.015950,-0.147478,0.000000,-0.003916,0.991049,-0.133440,0.000000,0.148286,0.132541,0.980022,0.000000,-0.014399,-0.099408,0.280180,1.000000;;
        }

        ObjectMatrixComment object {
         1.000000,0.000000,-0.000000,0.000000,0.000000,1.000000,0.000000,0.000000,-0.000000,0.000000,1.000000,0.000000,0.000000,-0.000000,-0.000000,1.000000;;
        }

        Frame J_R_HairFront_01 {
         

         FrameTransformMatrix relative {
          0.999667,0.007482,-0.024697,0.000000,0.000000,0.957050,0.289923,0.000000,0.025806,-0.289826,0.956732,0.000000,0.000000,-0.000000,-0.181153,1.000000;;
         }

         ObjectMatrixComment object {
          1.000000,0.000000,0.000000,0.000000,-0.000000,1.000000,0.000000,0.000000,-0.000000,0.000000,1.000000,0.000000,0.000000,-0.000000,0.000000,1.000000;;
         }
        }
       }

       Frame J_L_HairSide2_00 {
        

        FrameTransformMatrix relative {
         1.000000,0.000000,0.000000,0.000000,0.000000,1.000000,0.000000,0.000000,0.000000,0.000000,1.000000,0.000000,0.139780,-0.032654,0.142761,1.000000;;
        }

        ObjectMatrixComment object {
         1.000000,0.000000,0.000000,0.000000,0.000000,1.000000,0.000000,0.000000,0.000000,0.000000,1.000000,0.000000,0.000000,0.000000,0.000000,1.000000;;
        }

        Frame J_L_HairSide2_01 {
         

         FrameTransformMatrix relative {
          1.000000,0.000000,0.000000,0.000000,0.000000,1.000000,0.000000,0.000000,0.000000,0.000000,1.000000,0.000000,0.000000,0.000000,-0.071841,1.000000;;
         }

         ObjectMatrixComment object {
          1.000000,0.000000,0.000000,0.000000,0.000000,1.000000,0.000000,0.000000,0.000000,0.000000,1.000000,0.000000,0.000000,0.000000,0.000000,1.000000;;
         }
        }
       }

       Frame J_R_HairSide2_00 {
        

        FrameTransformMatrix relative {
         1.000000,0.000000,0.000000,0.000000,0.000000,1.000000,0.000000,0.000000,0.000000,0.000000,1.000000,0.000000,-0.139780,-0.032654,0.142761,1.000000;;
        }

        ObjectMatrixComment object {
         1.000000,0.000000,0.000000,0.000000,0.000000,1.000000,0.000000,0.000000,0.000000,0.000000,1.000000,0.000000,0.000000,0.000000,0.000000,1.000000;;
        }

        Frame J_R_HairSide2_01 {
         

         FrameTransformMatrix relative {
          1.000000,0.000000,0.000000,0.000000,0.000000,1.000000,0.000000,0.000000,0.000000,0.000000,1.000000,0.000000,0.000000,-0.000000,-0.071841,1.000000;;
         }

         ObjectMatrixComment object {
          1.000000,0.000000,0.000000,0.000000,0.000000,1.000000,0.000000,0.000000,0.000000,0.000000,1.000000,0.000000,0.000000,0.000000,0.000000,1.000000;;
         }
        }
       }

       Frame _face {
        

        FrameTransformMatrix relative {
         1.000000,0.000000,0.000000,0.000000,0.000000,-0.000000,1.000000,0.000000,0.000000,-1.000000,-0.000000,0.000000,0.000000,0.009918,-0.667237,1.000000;;
        }

        ObjectMatrixComment object {
         1.000000,0.000000,0.000000,0.000000,0.000000,1.000000,0.000000,0.000000,0.000000,0.000000,1.000000,0.000000,0.000000,0.000000,0.000000,1.000000;;
        }

        Mesh mesh__ {
         1217;
         0.013721;0.646206;0.067277;,
         0.016339;0.647920;0.071555;,
         0.008086;0.645887;0.074879;,
         0.007166;0.644263;0.070707;,
         0.000000;0.646620;0.080153;,
         0.000000;0.643796;0.077708;,
         0.003835;0.644424;0.076720;,
         0.003367;0.646956;0.079049;,
         0.090482;0.693421;0.018376;,
         0.101667;0.704438;0.033506;,
         0.097452;0.695007;0.035365;,
         0.009617;0.703007;0.107746;,
         0.001497;0.705913;0.113575;,
         0.004374;0.691851;0.109219;,
         0.000000;0.691853;0.110141;,
         0.000000;0.837448;0.110948;,
         0.032542;0.803295;0.104033;,
         0.037585;0.836215;0.106020;,
         0.000000;0.736319;0.095004;,
         0.000000;0.727711;0.096507;,
         0.010900;0.734975;0.090844;,
         0.097658;0.711855;0.009252;,
         0.110618;0.734862;0.007856;,
         0.109927;0.723762;0.030344;,
         0.062103;0.727573;0.079291;,
         0.062167;0.735908;0.077738;,
         0.051096;0.730787;0.079731;,
         0.016963;0.650136;0.074140;,
         0.008584;0.648091;0.076968;,
         0.074317;0.695428;0.080288;,
         0.059720;0.685367;0.085402;,
         0.072409;0.683957;0.078071;,
         0.001687;0.709757;0.112153;,
         0.004828;0.713606;0.102194;,
         0.000000;0.715045;0.102672;,
         0.000000;0.710285;0.112708;,
         0.105646;0.720732;0.050617;,
         0.106002;0.715907;0.031642;,
         0.096898;0.696483;0.055441;,
         0.092206;0.685364;0.037583;,
         0.000000;0.705933;0.113988;,
         0.047584;0.654654;0.052944;,
         0.063109;0.661620;0.052720;,
         0.050450;0.656819;0.061140;,
         0.046397;0.668811;0.081061;,
         0.030416;0.663471;0.080173;,
         0.042274;0.660686;0.075035;,
         0.057878;0.675375;0.080977;,
         0.055490;0.666369;0.074471;,
         0.070015;0.665972;0.033002;,
         0.084529;0.675558;0.041057;,
         0.075060;0.667722;0.046455;,
         0.005234;0.662787;0.087862;,
         0.004955;0.664813;0.086641;,
         0.000000;0.663870;0.087652;,
         0.000000;0.661673;0.089045;,
         0.001517;0.708118;0.113146;,
         0.000000;0.708190;0.113831;,
         0.030370;0.709969;0.091659;,
         0.019905;0.701171;0.102473;,
         0.033028;0.700269;0.097369;,
         0.020205;0.691226;0.104153;,
         0.032300;0.690795;0.098916;,
         0.010695;0.691671;0.107729;,
         0.005338;0.665285;0.091977;,
         0.005390;0.666293;0.093286;,
         0.000000;0.664958;0.094135;,
         0.000000;0.663985;0.092663;,
         0.009548;0.672021;0.095379;,
         0.009315;0.668100;0.092240;,
         0.012709;0.669647;0.091276;,
         0.013167;0.672972;0.094492;,
         0.005049;0.680057;0.104079;,
         0.000000;0.680053;0.105206;,
         0.017871;0.674387;0.093197;,
         0.018367;0.680210;0.099223;,
         0.046830;0.812070;0.101831;,
         0.000000;0.771390;0.100175;,
         0.000000;0.751550;0.095683;,
         0.019203;0.769828;0.092889;,
         0.014343;0.750406;0.089392;,
         0.030159;0.765165;0.086662;,
         0.006484;0.718714;0.097438;,
         0.008795;0.725985;0.093269;,
         0.047469;0.710702;0.085700;,
         0.048761;0.719039;0.082408;,
         0.030991;0.717293;0.087123;,
         0.000000;0.797675;0.107432;,
         0.028887;0.790316;0.100836;,
         0.036387;0.778275;0.092295;,
         0.062349;0.710455;0.083309;,
         0.060993;0.696721;0.086203;,
         0.074557;0.709916;0.079294;,
         0.129056;0.798783;0.045986;,
         0.119451;0.784649;0.062378;,
         0.124545;0.781579;0.046472;,
         0.095471;0.713681;0.061448;,
         0.085291;0.707705;0.073511;,
         0.094567;0.705461;0.063575;,
         0.091509;0.695587;0.066060;,
         0.084070;0.694964;0.073410;,
